camera_matrix:
- - 42255.45447871855
  - 0.0
  - 1320.331196603988
- - 0.0
  - 37679.27461321853
  - 995.3124099751603
- - 0.0
  - 0.0
  - 1.0
dist_coeff:
- - -36.76308422847573
  - 14061.738385883718
  - 0.015188458242261086
  - -0.13669482871966965
  - 32.171321065897416
rotation_vector:
- - -0.003964838828958144
- - 2.66995953329634
- - 0.01642855865699332
translation_vector:
- - 682.0505789840685
- - -400.5393609819492
- - 16011.33184797054
