camera_matrix:
- - 13159.891981613115
  - 0.0
  - 1226.3151018308388
- - 0.0
  - 13351.568346181348
  - 966.4088956186915
- - 0.0
  - 0.0
  - 1.0
dist_coeff:
- - -5.076006211208777
  - 212.79518930046598
  - 0.06448322789053988
  - -0.024786875773442418
  - -1206.9407524536468
rotation_vector:
- - -2.9605510380766153
- - -0.004083050830299765
- - -0.054000451217215265
translation_vector:
- - -772.2295856309178
- - 449.89362399040107
- - 5501.692219312816
